1111000010011000100010001101100001110000000000000000000000000000
0000000001
0111100000001100000011000011100000001100000001000111110000000000
0000001000
0011110000100100001111000000010000000100000001000011110000001100
1000000000
0011110000100100001001000011110000111100001001000010010000111100
0100000000
0111100001000000011110000100110000000100000001000111110000000000
0000100000
0001100000001000000010000000100000001000000010000000100000001000
0000000010
1111000010001000100010001000100011110000000000000000000000000000
0000000001
0001100000110000001000000111100001101100011011000011100000000000
0001000000
0111111000000100000001000000010000000100000001000000110000001000
0010000000
1100000010000000100001001000010011111111000001000000010000000100
0000010000
0011110001100100011001000011110001101100011001000111110000110000
0100000000
0011111001100110011001000011110000000100000001000010010000111100
1000000000
0111110000000100000001000000110000011100000010000000100000000000
0010000000
0001000000110000000100000001000000010000000100000001000000000000
0000000010
0111100001001100011011000011100000101100010001000111110000000000
0100000000
0011000001100000010000001101110011110100011001000011110000000000
0001000000
0111110001100100110001101000001010000110110111000111000000000000
0000000001
0111000001001000000010000011100001100000010000000111110000000000
0000000100
0011100000101000001110000000100000001000000010000011100000000000
1000000000
0010000001100000010000000111100001101100010001000111110000000000
0001000000
0010000000100000001000000011100001100100011001000011110000000000
0001000000
0111110001000100000011000000100000111100000100000011000000000000
0010000000
0111100000001000001110000001100000001100000001000111110000000000
0000001000  
1111100000001000000010000001100001111110000100000001000000000000
0010000000
0000100000011000001110000010100001111100000010000000100000001000
0000010000
0111100001001100010001000100010001000100010001000111110000000000
0000000001
1111100010001100100001001000010011001100011110000000000000000000
0000000001
0011100000101000001110000000100000001000000010000000100000000000
1000000000
0111100001000000011100000001110000000100000111001111000000000000
0000100000
0111100001101000001110000000100000001000000010000000100000000000
1000000000
0010000000100000011000010111100001001000010010000111100000000000
0001000000
0111110001000100000001000011110000001100000001000111110000000000
0000001000
1000000010000000100000001000100010001000111111100000100000000000
0000010000
0111110011000110100000101000001010000010110001100111110000000000
0000000001
0001000000010000000100000001000000010000000100000001000000010000
0000000010
0011000001010000000100000001000000010000000100001111111000000000
0000000010
0111110001000100011011000111110001000100011001000011110000000000
0100000000
0011110000100000001000000011110000000100000011000111100000000000
0000100000
0011100001101100000011000011100001110000011000000110000001111100
0000000100
0100000001000000010000000100100001001000111111000000100000000000
0000010000
0001110000100100001111000000010000000100000001000000010000000000
1000000000
0011100000101000001010000011100000001000000010000000100000000000
1000000000
0111100001000000011110000000010000000100000110000111000000000000
0000100000
0111110001000100000001000000010000000100000001000000010000000000
0010000000
0011100001101100011011000111100001001000010010000111100000000000
0100000000
0011000001111100010011001100011011000110011001100011110000000000
0000000001
0111110000000100000001000011100000001100000001000111110000000000
0000001000
0001100000111000001010000110100001111110000010000000100000001000
0000010000
0011100001101100010001000100010001001100011111000011100000000000
0000000001
0010000001100000010000000100100011001000111111100000100000000000
0000010000
0011000000110000000100000001000000010000000100000111110000000000
0000000010
0111100001001000000011000001100000001100000001000111110000000000
0000001000
1111110000000100000001000000010011111100100000001000000011111110
0000000100
0001110000100100000001000000010000001000001100000010000001111110
0000000100
0111110001000100000111000000010000000110000001100111110000000000
0000001000
0010000001000000010000000111100001001000011011000011100000000000
0001000000
0001100000111000000010000000100000001000000010000000100000000000
0000000010
0111100001101100001001000000010000011100001100000111110000000000
0000000100
0000100000001000000010000000100000001000000010000000100000001000
0000000010
0111110000000100000001000111110000000100000001000111110000000000
0000001000
0111110001000100000011000000100000011000000100000001000000000000
0010000000
0000000000110000011110000000110000000100000011001111111100000000
0000000100
0011100001101000011010000011100000001000000010000000100000000000
1000000000
0000000011110000000100000001000000010000111111100000000000000000
0000000100
0011100001101100001110000000100000001000000010000000100000000000
1000000000
0001000000110000001000000110000001111100011001100111110000001000
0001000000
0111100000001000000011000000110000001000111110001111111000000000
0000000100
0111100001000000010000000111110000000100000001000111110000000000
0000100000
0011110011110100100001001000010010000100111111000000000000000000
0000000001
0001000000110000001000000111100001111100011011000111100000000000
0001000000
0111100001000000010000000111100000001100000001000111110000000000
0000100000
0011000001110000000100000001000000010000000100001111111000000000
0000000010
0110000001000000010000000111110001100100011001000011110000000000
0001000000
0111110000001100000110000001000000110000001000000010000000000000
0010000000
0111100000001100000001000011110000100000001000000011111000000000
0000000100
0100000001000000010000000100000001000100011111100000100000000000
0000010000
0111110000000100000001000000010000000100000001000000010000000000
0010000000
0010000000100000011000000100100001001000011111000000100000000000
0000010000
1111100001001000000010000000100000011100000010000000100000000000
0010000000
0011000000100000001000000111100001101100001011000011100000000000
0001000000
0111100001001100011011000111100001001100011011000011100000000000
0100000000
0111110001001100000111000000010000000100000001000111110000000000
0000001000
0000100000001000000110000001000000010000000100000001000000010000
0000000010
0111110001000100010000000111110000000110000000101111111000000000
0000100000
0011110001000100010011000111100000101100001001000011110000000000
0100000000
0111100000001000000010000000100000011100000010000000100000000000
0010000000
0111000001011000000010000000100000001000011111000111110000000000
0000000100
0111111001000010010000100111111001000110010000100110001000111110
0100000000
1111100000001100000011000111100000001100111111000000000000000000
0000001000
1000000010000000100000001000000010000100111111101000010000000000
0000010000
0111100001001100011111000111110011000110100001101111110000000000
0100000000
0011110000000100000111000000010000000010000000100011110000000000
0000001000
0000110000011100001101001111111000000100000001000000010000000000
0000010000
0111100011001000100010001000100011111000000000000000000000000000
0000000001
0111100001000000011110000000110000000110001001000110110000111000
0000100000
0111100001011000011100000111100001001000011010000011100000000000
0100000000
0001100000111000000010000000100000001000000010000001100000000000
0000000010
0011110001110000000110000000110000000100000001000111110000000000
0000100000
0011110001100100011111000000010000000100000001000000010000000000
1000000000
0111110001000000011111000000010000000100010001000111110000000000
0000100000
